====================================================
绝热层数为 30 层时，热流密度为：
    q0 = 1.01880061351 W/m2 
绝热层导热系数为：
    lamda = 8.35524312669e-05 W/(m.k) 
        绝热层       前支撑       后支撑       管  路      总漏热
漏热量   92.456      67.799       0.000       3.979      164.234 
比  例  56.295%     41.282%     0.000%      2.423%   
LNG日蒸发率为：
    theta1 = 0.122%  
LN2日蒸发率为：
    theta2 = 0.203%  

层数     温度(K)     辐射导热     固体导热     气体导热     总导热(W/m2)
 0    300.00000     1.01695     0.00000     0.00185     1.01880 
 1    298.28310     0.90443     0.11124     0.00313     1.01880 
 2    295.38621     0.90137     0.11422     0.00321     1.01880 
 3    292.41175     0.89812     0.11738     0.00330     1.01880 
 4    289.35490     0.89465     0.12075     0.00340     1.01880 
 5    286.21035     0.89096     0.12434     0.00350     1.01880 
 6    282.97225     0.88701     0.12818     0.00361     1.01880 
 7    279.63414     0.88278     0.13230     0.00372     1.01880 
 8    276.18884     0.87823     0.13672     0.00385     1.01880 
 9    272.62836     0.87333     0.14149     0.00398     1.01880 
10    268.94376     0.86804     0.14664     0.00412     1.01880 
11    265.12498     0.86229     0.15223     0.00428     1.01880 
12    261.16070     0.85604     0.15831     0.00445     1.01880 
13    257.03805     0.84921     0.16495     0.00464     1.01880 
14    252.74235     0.84171     0.17225     0.00484     1.01880 
15    248.25678     0.83345     0.18028     0.00507     1.01880 
16    243.56191     0.82429     0.18919     0.00532     1.01880 
17    238.63514     0.81409     0.19911     0.00560     1.01880 
18    233.45001     0.80266     0.21023     0.00591     1.01880 
19    227.97525     0.78975     0.22278     0.00627     1.01880 
20    222.17361     0.77508     0.23706     0.00667     1.01880 
21    216.00028     0.75825     0.25342     0.00713     1.01880 
22    209.40075     0.73878     0.27236     0.00766     1.01880 
23    202.30799     0.71601     0.29451     0.00828     1.01880 
24    194.63857     0.68909     0.32069     0.00902     1.01880 
25    186.28737     0.65688     0.35202     0.00990     1.01880 
26    177.12030     0.61785     0.38998     0.01097     1.01880 
27    166.96459     0.56999     0.43654     0.01228     1.01880 
28    155.59645     0.51075     0.49416     0.01390     1.01880 
29    142.72782     0.43734     0.56555     0.01591     1.01880 
30    127.99994     0.34792     0.65252     0.01835     1.01880 
31    111.00718 
====================================================
绝热层数为 40 层时，热流密度为：
    q0 = 0.767882219416 W/m2 
绝热层导热系数为：
    lamda = 8.32888121589e-05 W/(m.k) 
        绝热层       前支撑       后支撑       管  路      总漏热
漏热量   69.685      67.799       0.000       3.979      141.463 
比  例  49.260%     47.927%     0.000%      2.813%   
LNG日蒸发率为：
    theta1 = 0.106%  
LN2日蒸发率为：
    theta2 = 0.175%  

层数     温度(K)     辐射导热     固体导热     气体导热     总导热(W/m2)
 0    300.00000     0.76649     0.00000     0.00139     0.76788 
 1    298.70870     0.68229     0.08325     0.00234     0.76788 
 2    296.54067     0.68059     0.08491     0.00239     0.76788 
 3    294.32960     0.67881     0.08663     0.00244     0.76788 
 4    292.07351     0.67695     0.08844     0.00249     0.76788 
 5    289.77031     0.67500     0.09034     0.00254     0.76788 
 6    287.41772     0.67296     0.09233     0.00260     0.76788 
 7    285.01330     0.67081     0.09442     0.00266     0.76788 
 8    282.55443     0.66854     0.09662     0.00272     0.76788 
 9    280.03827     0.66616     0.09894     0.00278     0.76788 
10    277.46173     0.66365     0.10138     0.00285     0.76788 
11    274.82151     0.66099     0.10397     0.00292     0.76788 
12    272.11396     0.65817     0.10671     0.00300     0.76788 
13    269.33516     0.65519     0.10961     0.00308     0.76788 
14    266.48080     0.65202     0.11269     0.00317     0.76788 
15    263.54615     0.64865     0.11597     0.00326     0.76788 
16    260.52605     0.64505     0.11947     0.00336     0.76788 
17    257.41478     0.64120     0.12322     0.00347     0.76788 
18    254.20605     0.63708     0.12723     0.00358     0.76788 
19    250.89287     0.63265     0.13154     0.00370     0.76788 
20    247.46747     0.62787     0.13618     0.00383     0.76788 
21    243.92117     0.62272     0.14119     0.00397     0.76788 
22    240.24425     0.61713     0.14663     0.00412     0.76788 
23    236.42574     0.61105     0.15254     0.00429     0.76788 
24    232.45325     0.60441     0.15900     0.00447     0.76788 
25    228.31270     0.59714     0.16607     0.00467     0.76788 
26    223.98799     0.58914     0.17385     0.00489     0.76788 
27    219.46063     0.58030     0.18245     0.00513     0.76788 
28    214.70925     0.57047     0.19201     0.00540     0.76788 
29    209.70900     0.55950     0.20268     0.00570     0.76788 
30    204.43078     0.54717     0.21467     0.00604     0.76788 
31    198.84031     0.53324     0.22823     0.00642     0.76788 
32    192.89690     0.51738     0.24365     0.00685     0.76788 
33    186.55192     0.49922     0.26132     0.00735     0.76788 
34    179.74683     0.47826     0.28170     0.00792     0.76788 
35    172.41081     0.45390     0.30540     0.00859     0.76788 
36    164.45777     0.42540     0.33311     0.00937     0.76788 
37    155.78308     0.39192     0.36567     0.01029     0.76788 
38    146.26034     0.35253     0.40399     0.01136     0.76788 
39    135.73971     0.30642     0.44884     0.01262     0.76788 
40    124.05113     0.25336     0.50044     0.01408     0.76788 
41    111.01879 
====================================================
绝热层数为 50 层时，热流密度为：
    q0 = 0.61614114211 W/m2 
绝热层导热系数为：
    lamda = 8.31301540943e-05 W/(m.k) 
        绝热层       前支撑       后支撑       管  路      总漏热
漏热量   55.915      67.799       0.000       3.979      127.693 
比  例  43.788%     53.095%     0.000%      3.116%   
LNG日蒸发率为：
    theta1 = 0.095%  
LN2日蒸发率为：
    theta2 = 0.158%  

层数     温度(K)     辐射导热     固体导热     气体导热     总导热(W/m2)
 0    300.00000     0.61502     0.00000     0.00112     0.61614 
 1    298.96520     0.54775     0.06652     0.00187     0.61614 
 2    297.23296     0.54667     0.06757     0.00190     0.61614 
 3    295.47339     0.54556     0.06865     0.00193     0.61614 
 4    293.68551     0.54440     0.06978     0.00196     0.61614 
 5    291.86827     0.54319     0.07095     0.00200     0.61614 
 6    290.02058     0.54195     0.07217     0.00203     0.61614 
 7    288.14125     0.54065     0.07343     0.00207     0.61614 
 8    286.22904     0.53930     0.07474     0.00210     0.61614 
 9    284.28265     0.53789     0.07611     0.00214     0.61614 
10    282.30067     0.53643     0.07753     0.00218     0.61614 
11    280.28162     0.53490     0.07902     0.00222     0.61614 
12    278.22389     0.53331     0.08057     0.00227     0.61614 
13    276.12582     0.53164     0.08219     0.00231     0.61614 
14    273.98557     0.52990     0.08388     0.00236     0.61614 
15    271.80123     0.52808     0.08565     0.00241     0.61614 
16    269.57071     0.52617     0.08751     0.00246     0.61614 
17    267.29179     0.52416     0.08946     0.00252     0.61614 
18    264.96208     0.52206     0.09151     0.00257     0.61614 
19    262.57899     0.51984     0.09367     0.00263     0.61614 
20    260.13974     0.51750     0.09594     0.00270     0.61614 
21    257.64132     0.51504     0.09834     0.00277     0.61614 
22    255.08047     0.51243     0.10087     0.00284     0.61614 
23    252.45365     0.50968     0.10355     0.00291     0.61614 
24    249.75699     0.50675     0.10639     0.00299     0.61614 
25    246.98630     0.50365     0.10941     0.00308     0.61614 
26    244.13697     0.50035     0.11263     0.00317     0.61614 
27    241.20396     0.49682     0.11605     0.00326     0.61614 
28    238.18172     0.49306     0.11972     0.00337     0.61614 
29    235.06412     0.48903     0.12364     0.00348     0.61614 
30    231.84441     0.48470     0.12785     0.00360     0.61614 
31    228.51507     0.48004     0.13238     0.00372     0.61614 
32    225.06774     0.47501     0.13727     0.00386     0.61614 
33    221.49306     0.46957     0.14256     0.00401     0.61614 
34    217.78057     0.46366     0.14831     0.00417     0.61614 
35    213.91845     0.45723     0.15456     0.00435     0.61614 
36    209.89335     0.45020     0.16140     0.00454     0.61614 
37    205.69011     0.44248     0.16891     0.00475     0.61614 
38    201.29144     0.43398     0.17717     0.00498     0.61614 
39    196.67754     0.42459     0.18631     0.00524     0.61614 
40    191.82561     0.41415     0.19647     0.00553     0.61614 
41    186.70927     0.40250     0.20780     0.00584     0.61614 
42    181.29794     0.38945     0.22049     0.00620     0.61614 
43    175.55592     0.37474     0.23479     0.00660     0.61614 
44    169.44155     0.35812     0.25096     0.00706     0.61614 
45    162.90601     0.33924     0.26933     0.00758     0.61614 
46    155.89230     0.31774     0.29023     0.00816     0.61614 
47    148.33411     0.29324     0.31407     0.00883     0.61614 
48    140.15533     0.26537     0.34117     0.00960     0.61614 
49    131.27068     0.23390     0.37178     0.01046     0.61614 
50    121.58883     0.19888     0.40584     0.01142     0.61614 
51    111.02003 
